Sigma: 0 mean rewards: 24.231199638329112, best rewards:119.98662428945238
Sigma: 1 mean rewards: -130.4140220059781, best rewards:54.34681431202421
