Sigma: 0 mean rewards: -76.0933018375956, best rewards:4.396607646363918
Sigma: 1 mean rewards: -139.36092729085092, best rewards:-65.35627000186219
